11.5, 11.5, 11.5, 11.5, 11.5, 12.0, 12.0
22.0, 22.0, 22.0, 22.0, 23.0, 23.0, 21.0
|
0, 0, 0, 0, 0, 0, 0
0, 0, 0, 0, 0, 0, 0
|
0, 0, 0, 0, 0, 0, 0
0, 0, 0, 0, 0, 0, 0
|
0, 0, 0, 0, 0, 0, 0
0, 0, 0, 0, 0, 0, 0
|
0, 0, 0, 0, 0, 0, 0
0, 0, 0, 0, 0, 0, 0
|
0, 0, 0, 0, 0, 0, 0
0, 0, 0, 0, 0, 0, 0
|
0, 0, 0, 0, 0, 0, 0
0, 0, 0, 0, 0, 0, 0
|
0, 0, 0, 0, 0, 0, 0
0, 0, 0, 0, 0, 0, 0
|
0, 0, 0, 0, 0, 0, 0
0, 0, 0, 0, 0, 0, 0
|
6.0, 6.0, 6.0, 6.0, 6.0, 6.0, 0
15.0, 15.0, 15.0, 15.0, 15.0, 15.0, 0
|
0, 0, 0, 0, 0, 0, 0
0, 0, 0, 0, 0, 0, 0
|
0, 0, 0, 0, 0, 0, 0
0, 0, 0, 0, 0, 0, 0
|
11.0, 11.0, 11.0, 11.0, 11.0, 11.0, 12.0
22.5, 22.5, 22.5, 22.5, 23.5, 23.5, 22.5
|
0, 0, 0, 0, 0, 0, 0
0, 0, 0, 0, 0, 0, 0
|
0, 0, 0, 0, 0, 0, 0
0, 0, 0, 0, 0, 0, 0
|
0, 0, 0, 0, 0, 0, 0
0, 0, 0, 0, 0, 0, 0
|
0, 0, 0, 0, 0, 0, 0
0, 0, 0, 0, 0, 0, 0
|
0, 0, 0, 0, 0, 0, 0
0, 0, 0, 0, 0, 0, 0
|
0, 0, 0, 0, 0, 0, 0
0, 0, 0, 0, 0, 0, 0
|
0, 0, 0, 0, 0, 0, 0
0, 0, 0, 0, 0, 0, 0
|
0, 0, 0, 0, 0, 0, 0
0, 0, 0, 0, 0, 0, 0
|
0, 0, 0, 0, 0, 0, 0
0, 0, 0, 0, 0, 0, 0
|
0, 0, 0, 0, 0, 0, 0
0, 0, 0, 0, 0, 0, 0
|
7.0, 7.0, 7.0, 7.0, 7.0, 7.0, 7.0
23.0, 23.0, 23.0, 23.0, 12.0, 12.0, 23.0
|
0, 0, 0, 0, 0, 0, 0
0, 0, 0, 0, 0, 0, 0
|
0, 0, 0, 0, 0, 0, 0
0, 0, 0, 0, 0, 0, 0
|
11.0, 11.0, 11.0, 11.0, 14.0, 11.0, 11.0
25.25, 25.25, 25.25, 25.25, 25.5, 25.5, 25.25
|
11.0, 11.0, 11.0, 11.0, 11.0, 11.0, 11.0
20.0, 20.0, 20.0, 20.0, 20.0, 20.0, 20.0
|
0, 0, 0, 0, 0, 0, 0
0, 0, 0, 0, 0, 0, 0
|
0, 0, 0, 0, 0, 0, 0
0, 0, 0, 0, 0, 0, 0
|
0, 0, 0, 0, 0, 0, 0
0, 0, 0, 0, 0, 0, 0
|
0, 0, 0, 0, 0, 0, 0
0, 0, 0, 0, 0, 0, 0
|
10.0, 10.0, 10.0, 10.0, 10.0, 10.0, 10.0
15.0, 15.0, 15.0, 15.0, 15.0, 15.0, 13.5
|
8.0, 8.0, 8.0, 8.0, 8.0, 8.0, 8.0
18.0, 18.0, 18.0, 22.0, 22.0, 22.0, 15.0
|
0, 0, 0, 0, 0, 0, 0
0, 0, 0, 0, 0, 0, 0
|
0, 0, 0, 0, 0, 0, 0
0, 0, 0, 0, 0, 0, 0
|
0, 0, 0, 0, 0, 0, 0
0, 0, 0, 0, 0, 0, 0
|
0, 16.0, 16.0, 16.0, 16.0, 16.0, 11.0
0, 21.0, 21.0, 21.0, 21.0, 22.0, 22.0
|
0, 0, 0, 0, 0, 0, 0
0, 0, 0, 0, 0, 0, 0
|
0, 0, 0, 0, 0, 0, 0
0, 0, 0, 0, 0, 0, 0
|
0, 0, 0, 0, 0, 0, 0
0, 0, 0, 0, 0, 0, 0
|
0, 0, 0, 0, 0, 0, 0
0, 0, 0, 0, 0, 0, 0
|
0, 0, 0, 0, 0, 0, 0
0, 0, 0, 0, 0, 0, 0
|
0, 0, 0, 0, 0, 0, 0
0, 0, 0, 0, 0, 0, 0
|
0, 0, 0, 0, 0, 0, 0
0, 0, 0, 0, 0, 0, 0
|
11.0, 11.0, 11.0, 11.0, 11.0, 11.0, 12.0
22.5, 22.5, 22.5, 22.5, 22.5, 22.5, 21.5
|
0, 0, 0, 0, 0, 0, 0
0, 0, 0, 0, 0, 0, 0
|
0, 0, 0, 0, 0, 0, 0
0, 0, 0, 0, 0, 0, 0
|
11.0, 11.0, 11.0, 11.0, 11.0, 11.0, 11.0
22.5, 22.5, 22.5, 22.5, 23.0, 23.0, 22.5
|
0, 0, 0, 0, 0, 0, 0
0, 0, 0, 0, 0, 0, 0
|
0, 0, 0, 0, 0, 0, 0
0, 0, 0, 0, 0, 0, 0
